2.343100000000000183e+00 1.809099999999999930e+00 1.512499999999999956e+00 2.488999999999999879e+00 2.204600000000000115e+00 1.966399999999999926e+00 1.309800000000000075e+00 1.935899999999999954e+00 1.599599999999999911e+00 1.459200000000000053e+00 1.360300000000000065e+00 1.244399999999999951e+00 1.868800000000000017e+00 1.613899999999999890e+00 1.366100000000000092e+00 1.922099999999999920e+00 1.991300000000000070e+00 1.348600000000000021e+00 1.992299999999999960e+00 1.453699999999999992e+00
2.157099999999999795e+00 3.911399999999999988e+00 2.964399999999999924e+00 3.679199999999999804e+00 2.833000000000000185e+00 2.800499999999999989e+00 2.448700000000000099e+00 2.156800000000000050e+00 2.241600000000000037e+00 2.145500000000000185e+00 2.460999999999999854e+00 1.786299999999999999e+00 2.160800000000000054e+00 1.856000000000000094e+00 1.546899999999999942e+00 1.599499999999999922e+00 1.616900000000000004e+00 3.047699999999999854e+00 2.050499999999999989e+00 1.935599999999999987e+00
5.754100000000000215e+00 3.775799999999999823e+00 3.361699999999999910e+00 4.169900000000000162e+00 3.495200000000000085e+00 3.663199999999999790e+00 4.198299999999999699e+00 2.853400000000000158e+00 2.463000000000000078e+00 3.773699999999999832e+00 3.098399999999999821e+00 2.456799999999999873e+00 2.039699999999999847e+00 2.694500000000000117e+00 3.116899999999999782e+00 2.441100000000000048e+00 3.124699999999999811e+00 1.958599999999999897e+00 2.483600000000000030e+00 2.409299999999999997e+00
6.183799999999999741e+00 3.634999999999999787e+00 3.260600000000000165e+00 5.865800000000000125e+00 7.146399999999999864e+00 4.428899999999999615e+00 5.408599999999999852e+00 4.317700000000000315e+00 4.238400000000000389e+00 3.388799999999999812e+00 3.029100000000000126e+00 3.076099999999999834e+00 2.136099999999999888e+00 2.942600000000000104e+00 2.598500000000000032e+00 3.293099999999999916e+00 2.139800000000000146e+00 3.035499999999999865e+00 3.014800000000000146e+00 2.005700000000000038e+00
3.530299999999999994e+00 5.245899999999999785e+00 3.773400000000000087e+00 6.668899999999999828e+00 7.140500000000000291e+00 8.483399999999999608e+00 6.189499999999999780e+00 5.481499999999999595e+00 4.513499999999999623e+00 4.961700000000000443e+00 4.856799999999999784e+00 3.947700000000000209e+00 3.529700000000000060e+00 4.400699999999999612e+00 3.464500000000000135e+00 3.173900000000000166e+00 3.025999999999999801e+00 2.917499999999999982e+00 2.993100000000000094e+00 3.288899999999999935e+00
2.557599999999999874e+00 4.675500000000000433e+00 4.977899999999999991e+00 6.964800000000000324e+00 6.167099999999999582e+00 6.455599999999999561e+00 5.743699999999999584e+00 4.728399999999999714e+00 5.238900000000000112e+00 7.037899999999999601e+00 4.812100000000000044e+00 4.958400000000000141e+00 5.675500000000000433e+00 3.135800000000000143e+00 4.771099999999999675e+00 3.511600000000000055e+00 2.969800000000000217e+00 2.956500000000000128e+00 3.917499999999999982e+00 3.044599999999999973e+00
1.790300000000000002e+00 1.384700000000000042e+00 3.250500000000000167e+00 3.673999999999999932e+00 6.962799999999999656e+00 7.027499999999999858e+00 7.183500000000000441e+00 5.652499999999999858e+00 7.192999999999999616e+00 6.481900000000000439e+00 6.502600000000000158e+00 5.984799999999999898e+00 6.373800000000000132e+00 6.353200000000000180e+00 4.728699999999999903e+00 3.754199999999999982e+00 4.050099999999999589e+00 3.603000000000000203e+00 3.480700000000000127e+00 3.461500000000000021e+00
1.413899999999999935e+00 1.916299999999999892e+00 3.002600000000000158e+00 4.093700000000000117e+00 4.438500000000000334e+00 7.118100000000000094e+00 6.670899999999999608e+00 6.097500000000000142e+00 8.061199999999999477e+00 6.794299999999999784e+00 6.491799999999999571e+00 8.271599999999999397e+00 5.384199999999999875e+00 5.636499999999999844e+00 5.995300000000000296e+00 5.399600000000000399e+00 4.451399999999999579e+00 4.098200000000000287e+00 5.238900000000000112e+00 4.334399999999999586e+00
1.126100000000000101e+00 1.743900000000000006e+00 1.995900000000000007e+00 2.165599999999999969e+00 4.229199999999999626e+00 4.957799999999999763e+00 6.456999999999999851e+00 9.274699999999999278e+00 6.435800000000000409e+00 9.100899999999999324e+00 6.899499999999999744e+00 7.055100000000000371e+00 8.468600000000000350e+00 7.064600000000000435e+00 5.144499999999999851e+00 5.853799999999999670e+00 4.548700000000000188e+00 4.503400000000000070e+00 4.202499999999999680e+00 5.576600000000000001e+00
8.983600000000000474e-01 1.655000000000000027e+00 1.962699999999999889e+00 2.439400000000000013e+00 2.905100000000000016e+00 3.596600000000000019e+00 4.573900000000000077e+00 6.078000000000000291e+00 4.590700000000000003e+00 6.180100000000000371e+00 7.323199999999999932e+00 9.092100000000000293e+00 7.331599999999999895e+00 7.448500000000000121e+00 5.923000000000000043e+00 7.072899999999999743e+00 5.149700000000000166e+00 5.457099999999999618e+00 5.921499999999999986e+00 5.582099999999999618e+00
6.589699999999999447e-01 1.329199999999999937e+00 1.169699999999999962e+00 1.525400000000000089e+00 3.204800000000000093e+00 2.899399999999999977e+00 3.496599999999999930e+00 4.650100000000000122e+00 5.866399999999999615e+00 5.662099999999999689e+00 8.579700000000000770e+00 7.580400000000000027e+00 7.125499999999999723e+00 8.601599999999999469e+00 8.790599999999999525e+00 6.001999999999999780e+00 7.397100000000000009e+00 5.246199999999999974e+00 7.190999999999999837e+00 5.568699999999999761e+00
1.008199999999999985e+00 1.209100000000000064e+00 1.471899999999999986e+00 2.032999999999999918e+00 2.157099999999999795e+00 2.698999999999999844e+00 4.163999999999999702e+00 3.579400000000000137e+00 5.869100000000000428e+00 5.452200000000000379e+00 4.679000000000000270e+00 8.452400000000000801e+00 9.696999999999999176e+00 7.440699999999999648e+00 8.125400000000000844e+00 7.558399999999999785e+00 6.799199999999999910e+00 8.111100000000000421e+00 7.569799999999999862e+00 6.707399999999999807e+00
8.511999999999999567e-01 1.254499999999999948e+00 1.778200000000000003e+00 1.624800000000000022e+00 2.641799999999999926e+00 3.014400000000000190e+00 4.040799999999999947e+00 1.983000000000000096e+00 3.588699999999999779e+00 4.589000000000000412e+00 7.601399999999999935e+00 5.899300000000000210e+00 7.325000000000000178e+00 8.128500000000000725e+00 6.745199999999999640e+00 7.547699999999999854e+00 6.308300000000000018e+00 9.214900000000000091e+00 7.878300000000000303e+00 6.182699999999999640e+00
8.630299999999999638e-01 1.069399999999999906e+00 8.809000000000000163e-01 2.065100000000000158e+00 1.512100000000000000e+00 2.711500000000000021e+00 2.471200000000000063e+00 3.405100000000000016e+00 5.153599999999999959e+00 4.324200000000000266e+00 6.529899999999999594e+00 5.923199999999999577e+00 8.695199999999999818e+00 7.593200000000000394e+00 9.096999999999999531e+00 7.459600000000000009e+00 9.070000000000000284e+00 1.062500000000000000e+01 9.727399999999999380e+00 7.735100000000000087e+00
1.008799999999999919e+00 9.281500000000000306e-01 1.577499999999999902e+00 1.144700000000000051e+00 2.417800000000000171e+00 2.777699999999999836e+00 2.544299999999999784e+00 2.823799999999999866e+00 3.953100000000000058e+00 6.105900000000000105e+00 4.801300000000000345e+00 6.387100000000000222e+00 8.615700000000000358e+00 1.009299999999999997e+01 6.831999999999999851e+00 7.671899999999999942e+00 1.090000000000000036e+01 8.743199999999999861e+00 9.160800000000000054e+00 7.027099999999999902e+00
