6.179999999999999716e+01 2.575000000000000000e+01 1.533333333333333393e+01 1.073001166666666744e+06 1.229490000000000000e+05
6.179999999999999716e+01 2.195833333333333215e+01 1.966666666666666785e+01 1.050139888888888992e+06 2.023330000000000000e+05
6.179999999999999716e+01 1.816666666666666785e+01 2.433333333333333215e+01 1.017792666666666628e+06 2.379180000000000000e+05
6.179999999999999716e+01 1.437500000000000000e+01 3.072222222222222143e+01 9.322278333333333721e+05 1.232970000000000000e+05
6.179999999999999716e+01 1.058333333333333393e+01 3.994444444444444287e+01 8.517173333333333721e+05 1.041320000000000000e+05
6.179999999999999716e+01 6.791666666666667851e+00 6.105555555555555713e+01 7.662616111111111240e+05 6.678700000000000000e+04
6.179999999999999716e+01 3.000000000000000000e+00 1.358333333333333428e+02 6.734876111111111240e+05 3.511100000000000000e+04
5.575000000000000000e+01 2.195833333333333215e+01 2.277777777777777857e+01 1.059404000000000000e+06 7.107400000000000000e+04
5.575000000000000000e+01 1.816666666666666785e+01 2.927777777777777857e+01 1.024756666666666628e+06 2.096690000000000000e+05
5.575000000000000000e+01 1.437500000000000000e+01 3.738888888888888573e+01 9.610158333333333721e+05 1.684660000000000000e+05
5.575000000000000000e+01 1.058333333333333393e+01 5.111111111111111427e+01 8.791286111111111240e+05 1.040510000000000000e+05
5.575000000000000000e+01 6.791666666666667851e+00 7.094444444444444287e+01 7.727445000000000000e+05 7.749100000000000000e+04
5.575000000000000000e+01 3.000000000000000000e+00 1.618333333333333428e+02 6.795383333333333721e+05 2.132400000000000000e+04
4.969999999999999574e+01 1.437500000000000000e+01 4.716666666666666430e+01 9.818827222222222481e+05 1.262490000000000000e+05
4.969999999999999574e+01 1.058333333333333393e+01 6.416666666666667140e+01 9.070549444444444962e+05 1.629030000000000000e+05
4.969999999999999574e+01 6.791666666666667851e+00 9.172222222222222854e+01 7.973770000000000000e+05 9.619500000000000000e+04
4.969999999999999574e+01 3.000000000000000000e+00 2.060555555555555429e+02 6.911413888888888760e+05 3.483000000000000000e+04
